sample	contig_count	contig_count_lt1000	multi_median	len_min	len_median	len_max	flag_1	flag_3	flag_0
ABM007.A	22898	2436	4	200	461	16441	22865	33	NA
ABM008.A	716	12	2	200	232	4829	714	2	NA
BIT001.A	6718	440	3	276	418	16651	6706	12	NA
Chimp	148	1	10	237	265.5	1051	147	1	NA
DJA002.A	27023	2340	4	201	353	17226	27010	13	NA
DJA006.A	3282	704	3	201	386	79532	3259	23	NA
DJA007.A	25556	2634	4	202	423	9177	25528	28	NA
DM_002	194338	33534	4	220	488	51396	194099	192	47
DM_003	38391	5770	3	270	447	48954	38342	49	NA
DM_004	52771	5449	4	270	436	20661	52713	58	NA
DM_005	101365	17317	4	234	481	85569	101193	94	78
DM_006	28240	3778	4	271	457	59098	28211	29	NA
DM_007	13225	1170	3	270	424	9522	13193	30	2
DM_008	83969	14340	4	269	470	120198	83870	86	13
DM_009	23008	2212	4	276	460	16019	22987	21	NA
DM_010	84365	17553	4	237	497	142009	84224	99	42
DM_011	18761	3308	5	270	460	21034	18736	25	NA
DM_012	128452	27314	4	216	494	98955	128179	182	91
DM_013	95542	13841	4	270	463	69546	95406	100	36
DM_014	21982	758	3	207	404	7186	21865	56	61
DM_015	49691	4087	3	270	432	19794	49639	52	NA
DM_016	86312	22161	5	216	550	140514	86194	101	17
DM_019	51314	7163	4	257	460	65594	51264	50	NA
DM_020	92741	21817	4	222	520	239205	92653	78	10
DM_021	90203	15015	4	269	471	140399	90081	116	6
DM_022	116366	33276	5	261	595	94628	116209	117	40
DM_026	68724	10668	3	257	466	254044	68419	65	240
DM_027	23560	5165	4	279	479	74922	23531	15	14
DM_028	12325	1970	3	271	405	96227	12310	15	NA
DM_029	13184	3699	6	287	515	119700	13165	16	3
DM_C01	56	0	2.0155	269	381.5	955	45	11	NA
EB2	26848	2207	2	263	471	19395	26783	53	12
EBO001.A	23113	4053	5	201	472	29281	23093	20	NA
EBO003.A	21485	2788	5	204	448	155053	21462	23	NA
EBO008.A	16260	1616	4	205	416	11775	16193	67	NA
EBO009.A	2766	6	3	200	257	2714	2765	1	NA
EB_20	1	0	2	212	212	212	1	NA	NA
EB_21	1	0	2	235	235	235	1	NA	NA
EB_25_2	1	0	2	264	264	264	1	NA	NA
EB_28	1	0	2	213	213	213	1	NA	NA
EB_7_1	7	0	2	204	228	615	7	NA	NA
F1	32021	4905	2	201	464	193050	30949	111	961
F10	22061	4872	3	202	504	247500	20973	140	948
F2	48781	5139	2	200	437	424048	47407	213	1161
F3	39161	6328	2	200	465	192241	37512	162	1487
F4	78599	5587	2	200	419	301855	77653	413	533
F5	26452	5124	2	201	479	295623	25564	189	699
F6	27071	4050	3	204	456	100586	26714	91	266
F7	13119	2505	3	208	473	262048	12809	59	251
F8	31774	2654	2	202	407	246752	31195	318	261
F9	17616	1683	2	203	426	421106	17216	123	277
G0001	69469	8626	3	272	451	33986	69370	99	NA
G0005	34664	1971	3	270	391	39702	34596	68	NA
G0008	5804	473	3	269	369	39159	5782	22	NA
G0010	12501	4459	5	271	609	34085	12468	33	NA
G0011	32240	5082	3	271	436	106777	32175	63	2
G0017	3375	140	4	205	432	9255	3322	53	NA
G0018	10942	1621	4	279	439	39546	10926	16	NA
G0019	7044	779	4	272	436	30499	7034	10	NA
G0021	15041	1671	4	270	430	70368	15019	22	NA
G0026	9491	1776	4	270	477	17520	9456	33	2
G0033	6373	119	5	235	328	2252	6371	2	NA
G0034	18024	2902	4	269	429	25805	17941	83	NA
GDC002.A	12755	1340	3	247	400	22690	12738	17	NA
GDC004.A	47522	2094	4	274	419	44625	47503	19	NA
GDC005.A	12501	94	3	200	301	3878	12493	8	NA
HM_001	14667	1803	4	273	432	21209	14641	26	NA
HM_002	590	18	4	205	358	2701	578	12	NA
HM_003	4644	1744	5	276	763	13857	4637	7	NA
HM_004	37690	3977	4	269	457	62076	37594	84	12
HM_006	44125	6028	4	200	471	87283	44053	60	12
HM_008	1	0	2	211	211	211	1	NA	NA
HM_009	181	4	6	301	376	1538	168	13	NA
HM_010	36825	5311	6	274	450	30434	36786	39	NA
HM_011	48949	8091	5	270	449	33923	48894	55	NA
HM_012	14988	2742	5	269	501	43783	14959	29	NA
HM_014	2528	134	6	207	448	2557	2519	9	NA
HM_017	3	0	6	221	236	318	3	NA	NA
HM_018	298	8	5	219	383	9092	295	3	NA
HM_020	869	15	6	211	362	2821	859	10	NA
HM_021	1259	803	43	280	1612	95297	1254	5	NA
HM_022	7153	1282	6	205	472	25810	7134	19	NA
HM_023	878	571	33	207	1818	31209	867	11	NA
HM_024	14129	1632	4	269	417	210320	14106	23	NA
HM_026	5100	1240	12	205	526	18530	5082	18	NA
HM_028	2038	983	12	276	944	22969	2035	3	NA
HM_029	2378	957	19	300	821	20751	2375	3	NA
HM_030	1455	967	42	301	1872	37535	1454	1	NA
HM_031	38362	6775	4	270	460	47113	38325	31	6
HM_032	19184	1239	4	269	417	7320	19154	30	NA
HM_033	39932	8173	5	210	483	68821	39851	61	20
HM_036	28796	7751	5	270	554	129276	28768	28	NA
HM_037	16167	2174	4	273	442	15383	16151	16	NA
HM_038	69	2	3	201	246	3331	67	2	NA
HM_039	37687	6088	5	273	480	44404	37672	9	6
HM_040	17638	1655	4	269	414	21932	17608	30	NA
HM_043	1018	237	4	272	415.5	70284	1014	4	NA
HM_048	12825	3647	6	276	565	69989	12811	14	NA
HM_050	13338	1614	4	273	438.5	186274	13308	30	NA
HM_053	1119	543	11	205	925	47840	1101	18	NA
HM_054	11211	1023	4	273	392	67118	11190	21	NA
HM_055	127	13	3	301	393	2818	126	1	NA
HM_057	20251	2724	6	294	473	10803	20238	13	NA
HM_058	168	4	4	284	349	1463	164	4	NA
HM_059	14532	4838	8	271	654	39845	14525	7	NA
HM_060	4597	1068	3	239	435	195311	4552	19	26
HM_061	13256	2005	4	209	459	19925	13176	17	63
HM_062	6930	2562	6	273	635.5	107129	6914	16	NA
HM_063	33434	3943	4	244	451	143085	33380	48	6
HM_064	6669	1854	3	258	465	125524	6630	14	25
HM_065	5910	1222	4	269	415	80157	5894	13	3
HM_066	30601	2472	3	270	394	149639	30577	20	4
HM_067	21274	2837	4	278	431	177803	21231	43	NA
HM_070	31889	1162	3	269	394	11331	31807	82	NA
HM_071	9254	1001	4	280	432.5	36915	9236	18	NA
HM_074	18883	5583	6	269	574	114927	18853	30	NA
HM_075	5055	1463	5	269	661	18575	5043	12	NA
HM_076	31765	5904	5	270	450	37623	31723	42	NA
HM_077	48077	8962	4	279	476	36312	48037	40	NA
HM_078	100181	19358	6	229	508	67394	100093	73	15
HM_080	53246	11389	5	270	521	52796	53187	56	3
HM_081	121125	23589	4	218	494	151480	120827	160	138
HM_083	51877	8528	4	280	478	94443	51826	51	NA
HM_084	85439	20412	5	243	546	109454	85284	93	62
HM_085	101738	19944	4	202	487	209584	101549	114	75
HM_086	6564	68	3	272	385	2020	6543	21	NA
HM_088	83583	15372	5	269	498	52851	83515	60	8
HM_089	67656	10832	5	279	481	47718	67601	55	NA
HM_090	81767	18215	5	271	526	78299	81670	95	2
HM_091	53	0	2	204	258	484	52	1	NA
IBA002.A	27692	5357	4	270	481	28363	27657	35	NA
KNP001.A	109082	27447	5	269	545	198905	108981	101	NA
KNP004.A	126648	31059	4	269	543	224008	126527	121	NA
KNP009.A	152528	34923	4	269	532	219393	152433	95	NA
Lib_blank	103	4	2	277	373	1196	95	8	NA
MS_004	68719	6880	5	270	465	114960	68661	58	NA
MS_005	30451	6030	4	206	514	179035	30306	72	73
MS_009	16098	1149	4	273	440	113958	16077	21	NA
MS_010	49536	6300	5	269	449	61311	49498	38	NA
MS_011	111735	24048	4	204	512	150850	110884	139	712
MS_018	110597	21531	4	270	501	93880	110470	119	8
MS_020	171210	29184	3	240	493	98535	170743	170	297
MS_022	82039	19640	4	208	535	59928	81761	118	160
MS_029	24337	5101	5	273	478	103735	24310	27	NA
MS_032	12203	1149	4	270	463	8350	12193	10	NA
MS_038	17822	283	3	270	389	63958	17812	10	NA
MS_039	7346	3156	6	272	768.5	89944	7244	21	81
MS_053	1	0	1	261	261	261	1	NA	NA
MS_057	1835	20	4	205	384	3083	1812	23	NA
MS_058	1	0	1.3484	242	242	242	1	NA	NA
MS_060	10983	1316	4	269	417	71213	10975	8	NA
MS_062	5399	681	3	215	411	343270	5226	13	160
MS_063	22200	7343	8	278	619.5	39838	22165	31	4
MS_091	14610	1813	4	276	476	143808	14583	27	NA
MS_092	4015	1034	6	269	575	42264	4005	10	NA
MS_095	559	381	24	206	2728	42121	534	25	NA
MS_096	22663	3613	4	269	464	147829	22579	66	18
MS_099	4538	1151	7	301	540	21658	4536	2	NA
MS_101	160	5	4	234	421	1595	155	2	3
MS_102	94908	9464	3	269	429	108309	94748	152	8
MS_103	46	0	3	286	338.5	793	45	1	NA
MS_104	29	0	2	239	270	600	29	NA	NA
MS_105	28	2	3	238	258	1460	27	1	NA
MS_106	3671	212	4	272	383	113884	3666	5	NA
MS_107	41887	5861	4	269	448	176115	41785	67	35
MS_108	3956	500	4	245	464	76935	3932	11	13
MS_109	5925	1496	6	283	528	51484	5907	18	NA
MS_113	36733	6250	4	272	467	72151	36654	79	NA
MS_114	1480	473	8.511	270	501	32876	1459	21	NA
MS_117	35341	7107	4	272	484	111985	35294	47	NA
MS_118	13222	506	4	273	409	40843	13210	12	NA
MS_121	13815	255	3	270	383	3785	13778	37	NA
MS_122	10868	2748	6	283	544	75025	10861	7	NA
MS_133	63162	15715	4	208	532	113819	62916	115	131
MS_134	167775	30926	4	216	506	53801	167521	153	101
MS_135	94771	15764	3.8465	200	484	38618	94530	147	94
MS_136	90422	8187	3	273	448	16361	90327	86	9
MS_137	67463	10486	4	273	481	47570	67331	105	27
MS_C02	151	2	2.0116	269	363	1229	117	34	NA
MS_C03	159	2	2	274	369	5656	121	38	NA
MTM001.A	18206	1664	4	214	369	8029	18200	6	NA
MTM002.A	2397	54	3	200	363	4570	2343	54	NA
MTM004.A	4923	312	4	241	395	66302	4920	3	NA
MTM005.A	8696	859	3	261	402.5	18352	8685	11	NA
MTM006.A	11106	1910	5	252	456	58402	11087	19	NA
MTM008.A	23069	3751	4	271	476	20426	23056	13	NA
MTM009.A	4078	162	4	203	413	4476	4067	11	NA
MV_002	3262	97	5	205	396	10772	3250	12	NA
MV_005	304	6	2	277	348	1488	300	4	NA
MV_006	4874	834	5	301	482	23746	4868	3	3
MV_007	691	5	3	205	349	2161	669	22	NA
MV_008	2317	83	1	202	457	17898	2229	14	74
MV_010	23109	3254	4	270	469	181636	23084	25	NA
MV_013	14051	5217	10	273	655	36012	14041	10	NA
MV_015	8311	2997	7	282	588	61088	8299	12	NA
MV_016	47332	12554	5	269	559	79836	47282	48	2
MV_017	83	3	3	298	373	1895	76	7	NA
MV_018	6870	1667	6	273	530	18527	6861	9	NA
MV_019	8743	349	4	301	411	19241	8736	7	NA
MV_020	8183	1006	4	271	438	25518	8168	13	2
MV_021	24676	6874	5	275	555	28469	24658	18	NA
MV_022	13077	3190	6	276	528	38997	13073	4	NA
MV_024	15599	463	3	202	432	4390	15325	47	227
MV_025	7118	1397	7	205	546	6632	7091	27	NA
MV_027	4862	57	5	206	389	2424	4846	16	NA
MV_028	110	2	3	279	339	1552	109	1	NA
MV_029	47	2	2.1797	200	270	1189	47	NA	NA
MV_036	26309	7755	6	269	579	108818	26274	35	NA
MV_038	719	6	3	301	360	1441	717	2	NA
MV_039	45782	11031	5	269	507	130787	45704	67	11
MV_041	252	13	5	205	381	2484	240	12	NA
MV_043	19555	4997	4	239	532	152539	19452	26	77
MV_045	7176	2043	5	284	572	123003	7168	8	NA
MV_046	1	0	1	218	218	218	1	NA	NA
MV_048	20011	3888	4	270	482	50968	19768	23	220
MV_051	48357	10994	5	269	530	164458	48296	56	5
MV_052	77575	14205	4	269	472	41139	77475	91	9
MV_055	43466	7641	4	269	473	39297	43415	51	NA
MV_056	82359	13775	4	269	484	35996	82264	87	8
MV_057	115044	26310	5	209	526	94529	114883	118	43
MV_058	37848	4239	3	269	438	22233	37797	51	NA
MV_059	153713	30637	4.6202	269	500	59065	153524	186	3
MV_060	70861	7045	3	202	464	130699	70702	126	33
MV_062	61182	9699	3	272	471	64535	61081	98	3
MV_065	110496	17959	4	269	477	75117	110344	152	NA
MV_066	112318	30841	5	244	565	116073	112041	160	117
MV_067	87673	13964	4	269	474	68915	87588	82	3
MV_068p	94863	17661	4	261	495	69070	94735	110	18
MV_070	121516	24211	4.0204	273	506	58893	121388	107	21
MV_072p	52146	5896	3	242	428	45961	52049	94	3
MV_074	106583	23139	4	212	528	161785	105784	198	601
MV_075	140236	34285	5	238	547	92271	140008	127	101
MV_076	50511	6479	4	209	436	64144	50416	87	8
MV_077	53754	8468	3	269	445	161411	53673	71	10
MV_078	95062	14998	3	228	464	86685	94715	106	241
MV_079p	100202	22997	5	272	517	89941	100093	107	2
MV_081	1452	26	3	289	358	3531	1445	7	NA
MV_082	141851	27707	4	244	499	86432	141505	149	197
MV_083	36315	4803	5	286	440	38098	36285	30	NA
MV_087	214	2	4.5	227	287	1646	211	3	NA
MV_088	46040	5059	4	245	449	32643	45996	44	NA
MV_089	58985	13121	5	269	519	76705	58927	58	NA
MV_090	72912	9661	4	270	450	73912	72823	85	4
MV_091	57674	10134	4	269	463	50897	57567	67	40
MV_092	110736	20893	4	272	500	46178	110578	112	46
MV_093	17427	2789	4	269	443	43132	17381	43	3
MV_095	31940	4721	5	271	463	69879	31896	38	6
MV_096	6906	316	5	301	402	2861	6901	5	NA
MV_097	26845	3834	5	269	473	14360	26808	37	NA
MV_099	98446	14686	4	270	466	32072	98376	70	NA
MV_100	89647	17401	4	270	476	78963	89553	90	4
MV_102	840	21	4	205	362	3091	793	47	NA
MV_103	36188	2186	4	270	410	8471	36139	49	NA
MV_104	54546	10307	4	251	498	364536	53932	131	483
MV_107	31	1	5	281	354	1051	30	1	NA
MV_109	10185	1938	7	269	485	47069	10178	7	NA
MV_110	22391	5816	4	270	550	126892	22341	26	24
MV_111	1074	1	4	237	285	1437	1074	NA	NA
MV_112	27789	7319	4	200	525	318391	27678	56	55
MV_113	130950	26132	5	252	501	58583	130808	142	NA
MV_114	7946	1795	5	272	464	25995	7930	16	NA
MV_115	29558	5220	3	271	476	59259	29510	33	15
MV_118	21211	4655	4	270	475	151781	21175	29	7
MV_119	24464	7046	5	270	567	52200	24441	23	NA
MV_120	2349	802	14	205	518	14451	2330	19	NA
MV_122	3005	595	6	205	593	4579	2996	9	NA
MV_124	427	17	4	276	350	2239	423	4	NA
MV_126	44669	8044	5	269	492	49541	44633	36	NA
MV_130	31848	9591	5	201	607	103945	31554	38	256
MV_131	662	13	4	276	362	10140	658	4	NA
MV_133	38723	7910	4	209	483	99146	38670	49	4
MV_134	286	8	3	205	343.5	1714	239	47	NA
MV_135	17971	1484	3	271	422	131446	17950	21	NA
MV_136	9925	1009	4	276	471	7464	9912	13	NA
MV_137	33	0	4	237	286	876	32	1	NA
MV_139	14691	2712	4	237	472	92789	14666	18	7
MV_140	29686	4694	4	270	449	92720	29616	57	13
MV_148	1919	31	2	270	345	3537	1911	8	NA
MV_167	38710	7535	5	270	478.5	38129	38674	36	NA
MV_169	3187	14	4	237	287	5956	3186	1	NA
MV_175	34466	3568	5	270	447	20018	34439	27	NA
MV_201	21696	2733	5	270	450	7190	21665	31	NA
MV_202	41461	6539	4	269	478	60941	41399	62	NA
MV_203	57080	5506	3	263	430	25657	57013	64	3
MV_204	14318	829	4	271	402	7489	14295	23	NA
MV_206	34543	7231	4	215	513	200264	34443	50	50
MV_207	51278	8081	4	270	468	28365	51225	53	NA
MV_208	27206	1714	4	270	409	34796	27121	85	NA
MV_209	75343	12024	3	218	460	47752	75257	81	5
MV_210	116033	19395	3	234	480	37211	115844	110	79
MV_211	86474	6447	3	269	418	47282	86346	128	NA
MV_212	86752	13833	3	211	470	38370	86606	105	41
MV_213	33656	4077	4	271	426	28274	33609	47	NA
MV_214	61775	10140	4	269	461	37211	61630	127	18
MV_215	78275	16633	4	201	494	176786	78069	115	91
MV_216	83148	16354	4	208	511	47439	82883	140	125
MV_223	15485	4547	6	271	583	37020	15455	30	NA
MV_225	271	3	3	205	338	2684	261	10	NA
MV_227	54	4	5	200	391.5	1830	52	2	NA
MV_229	33348	5212	4	270	462	13364	33292	56	NA
MV_230	404	42	5	205	415	5028	390	14	NA
MV_231	21874	1988	3	269	422	55478	21842	32	NA
MV_232	16745	5136	8	276	489	86651	16707	38	NA
MV_233	11553	1850	6	270	454	25643	11531	22	NA
MV_234	6856	1020	6	301	451.5	10608	6842	14	NA
MV_235	324	7	3	298	349.5	2992	322	2	NA
MV_236	2	0	3	258	286.5	315	2	NA	NA
MV_237	5817	157	4	276	397	2451	5795	22	NA
MV_240	9	0	2	200	244	445	9	NA	NA
MV_243	49	1	2	202	238	1082	48	1	NA
MV_244	1357	12	4	205	351	2277	1240	117	NA
MV_245	21985	4689	6	270	501	50515	21932	53	NA
MV_247	148131	18439	4	223	466	74931	147960	151	20
MV_281	42267	5858	3	270	453	34234	42240	24	3
MV_282	28516	1381	3	235	391	28436	28479	29	8
MV_283	13506	748	3	276	421	5470	13488	18	NA
MV_284	20512	4281	5	269	516	44433	20486	26	NA
MV_285	12848	1261	3	269	419	76385	12811	34	3
MV_286	11218	3499	6	275	623	37797	11204	14	NA
MV_287	54647	7566	4	226	453	87693	54569	78	NA
MV_288	16	1	4	205	255	1012	16	NA	NA
MV_290	4356	1214	4	282	490	35610	4350	6	NA
MV_291	27627	6537	5	270	544	60751	27590	37	NA
MV_292	63633	10865	4	264	476	69734	63504	98	31
MV_C02	94	3	2.0149	271	376	1682	76	18	NA
MV_C03	42	0	2	206	295	570	16	26	NA
OME002.A	41322	4136	3	273	428	43895	41285	37	NA
OME003.A	39005	3503	3	270	421	68464	38971	34	NA
OME005.A	18276	1910	3	285	432	94067	18262	14	NA
OME007.A	16300	3118	4	301	486	59645	16280	20	NA
OME009.A	22679	4428	4	269	501	59645	22647	32	NA
R1	32209	6290	2	202	477	177644	30833	215	1161
R10	114182	23300	3	202	511	77355	112459	277	1446
R11	61834	4801	2	200	419	263817	59634	446	1754
R2	60219	11999	2	200	514	421120	58589	248	1382
R3	353419	26470	2	200	441	138180	348877	1328	3214
R4	51562	6582	2	200	445	243207	49665	329	1568
R5	29765	3449	2	204	431	255789	28322	216	1227
R6	28872	3189	2	201	436	580287	27675	223	974
R7	45840	8408	2	200	481	361154	44274	204	1362
R8	34213	6838	2	200	488	232184	32404	196	1613
R9	47446	7019	2	201	469	525215	45598	336	1512
RB_005	1	0	1.6831	282	282	282	1	NA	NA
RB_C01	6	0	3.45805	314	350	579	6	NA	NA
RM_028	85381	8160	4	270	445	73970	85269	112	NA
RM_029	6758	867	6	205	430	32117	6655	103	NA
RM_030	4131	217	6	206	436	2699	4120	11	NA
RM_031	28605	4224	3	269	431	200994	28519	77	9
RM_032	14470	2190	4	269	430	71278	14424	46	NA
RM_033	44020	6590	4	270	452	148592	43950	65	5
RM_034	6443	580	5	276	472	3784	6441	2	NA
RM_035	50536	8658	4	212	454	53432	50423	102	11
RM_039	46344	6137	4	273	445	214297	46289	55	NA
RM_040	40997	2013	3	270	395	92751	40937	60	NA
RM_041	30192	5750	4	270	459	104633	30131	61	NA
RM_042	51578	4135	4	216	429	84670	51515	60	3
RM_043	71581	8278	4	269	467	29866	71524	51	6
RM_044	21919	8935	8	272	763	29802	21892	27	NA
RM_045	34522	4763	6	273	497	15188	34511	11	NA
RM_046	43349	8094	5	272	491	57005	43314	35	NA
RM_048	46365	7156	5	276	460	56167	46327	38	NA
RM_050	134569	25620	4	231	522	89497	134414	143	12
RM_053	1	0	2	238	238	238	1	NA	NA
RM_055	57587	7811	4	269	454	323799	57507	59	21
RM_056	3051	1070	7	283	719	12318	3047	4	NA
RM_057	5832	2407	8	283	758	327385	5819	10	3
RM_060	28361	5622	4	200	500	29998	27015	64	1282
RM_063	27183	6089	5	272	502	26210	27137	43	3
RM_064	138973	22436	4	263	463	23876	138788	102	83
RM_066	58400	12207	5	270	489	63320	58336	58	6
RM_070	92130	16245	4	269	511	87867	92063	67	NA
RM_071	61587	7519	4	269	436	123466	61500	81	6
RM_072	166250	25556	4	209	465	169005	165978	174	98
RM_073	112568	25820	4	270	528	305947	112457	78	33
RM_074	195719	35733	4	235	489	132757	195444	215	60
RM_079	139572	24924	4	270	465	88106	139355	183	34
RM_080	22842	3756	5	270	450	51055	22822	20	NA
RM_081	101374	13748	3.02345	232	447	118615	101202	139	33
RM_082	89819	15700	4	269	478	80623	89701	116	2
RM_083	85094	10906	4	271	453	120211	85001	93	NA
RM_085	37613	4902	4	271	437	45969	37565	48	NA
RM_086	82305	14630	4	229	472	416816	82117	143	45
RM_088	85051	13699	4	269	453	236246	84936	108	7
RM_089	23	1	6	283	400	1518	19	4	NA
RM_091	42909	9534	5	273	491	111834	42874	35	NA
RM_093	95580	15576	4	202	481	62433	95465	107	8
RM_096	43297	8299	4	269	481	198052	43224	60	13
RM_101	76364	10019	4	269	456	48934	76231	85	48
RM_102	40910	4210	3	272	442	35662	40852	55	3
RM_103	78488	6891	3	221	422	31127	78394	88	6
RM_104	44502	4592	3	274	437	75926	44452	45	5
RM_105	92286	15206	4	235	467	32599	92185	83	18
RM_106	154679	24846	3	221	438	34367	154332	233	114
RM_107	72778	6064	3	269	432	18082	72710	65	3
RM_108	93148	9176	3	270	452	10585	93063	83	2
RM_109	20049	1720	3	269	401	10176	19987	62	NA
RM_112	93097	17270	4	269	487	124545	92897	198	2
RM_113	57336	13175	4	251	528	209755	57151	75	110
RM_114	18790	5250	6	277	533	44279	18753	37	NA
RM_116	59627	14535	5	269	515	59034	59545	82	NA
RM_117	1293	10	4	207	379	1847	1273	20	NA
RM_118	23011	2467	3	210	431	324673	22946	51	14
RM_120	21	2	5	237	381	1499	17	4	NA
RM_121	10969	368	4	279	402	9558	10943	26	NA
RM_122	23467	1795	3	209	405	25057	23420	44	3
RM_123	85923	16025	3.8836	255	490	166529	85770	115	38
RM_124	25802	3102	6	276	465	9935	25781	21	NA
RM_125	86561	15991	4	218	492	189439	86372	129	60
RM_126	32741	7621	4	269	530	50199	32704	37	NA
RM_127	55566	7253	3	212	431	50512	55423	127	16
RM_128	48366	9197	3	206	488	203411	48256	90	20
RM_129	14856	862	4	270	403	4594	14823	33	NA
RM_130	22362	2873	4	270	439	13011	22316	44	2
RM_131	67134	6608	3	242	451	128893	67055	73	6
RM_133	137827	14334	3	229	450	98658	137590	168	69
RM_135	160103	23660	5	269	465	149054	159896	207	NA
RM_136	74534	14139	5	271	512	153790	74434	100	NA
RM_137	155968	31660	4	203	501	274690	155702	210	56
RM_138	48235	10128	4	270	490	185715	48152	69	14
RM_140	66103	11736	4	269	478	331182	65981	117	5
RM_142	6836	1925	6	283	494	46604	6830	6	NA
RM_144	39008	10695	5	223	594	80507	38938	51	19
RM_145	1231	10	3	205	354	2189	1200	31	NA
RM_146	14047	1552	6	269	471	9299	14017	30	NA
RM_147	38541	7654	5	274	564	35171	38528	13	NA
RM_149	205	13	3	283	395	8721	198	7	NA
RM_151	16431	3647	7	276	525	43202	16416	15	NA
RM_152	185	4	4	200	223	1618	185	NA	NA
RM_153	2775	526	13	219	596	3028	2768	7	NA
RM_155	18519	3011	6	273	480	50602	18508	11	NA
RM_156	17560	493	3	270	382	181299	17525	35	NA
RM_162	21744	3845	3	270	417	27068	21706	38	NA
RM_164	77304	15284	4	270	501	71416	77237	67	NA
RM_167	39765	6144	5	270	470	33576	39735	30	NA
RM_169	546	14	4	218	366	2530	543	3	NA
RM_171	52594	16187	5	269	561	63296	52475	94	25
RM_172	45187	6600	4	270	476	41710	45142	45	NA
RM_173	65319	9112	4	270	460	37925	65252	67	NA
RM_175	125525	27549	5	270	524	143116	125378	130	17
RM_176	59563	13380	4	257	554	62321	59477	81	5
RM_177	87272	12621	4	269	462	45418	87151	109	12
RM_178	40798	13994	6	270	658	84460	40746	52	NA
RM_179	81207	10985	4	272	459	92673	81127	80	NA
RM_180	193709	28632	4	233	457	242177	193350	338	21
RM_181	47984	7612	4	270	522	50433	47927	57	NA
RM_182	130422	23259	5	269	489	85039	130297	116	9
RM_183	50531	4027	4	270	430	8841	50448	83	NA
RM_184	6268	950	4	270	444	7540	6245	23	NA
RM_185	111908	17334	5	270	471	33955	111819	89	NA
RM_186	130548	26600	6	236	497	78065	130447	82	19
RM_187	264346	29797	3	200	434	116943	263224	441	681
RM_188	178854	29938	4	236	496	63991	178550	160	144
RM_189	119183	15974	4	269	459	35138	119079	101	3
RM_190	179487	26378	4	269	466	96920	179194	197	96
RM_191	75436	11874	5	270	477	43956	75353	83	NA
RM_192	51642	9569	4	230	472	13618	51375	226	41
RM_193	10325	5315	9	273	1072	41465	10309	16	NA
RM_195	1859	1138	12	276	1722	89668	1855	4	NA
RM_197	1180	7	4	214	366	1634	1175	5	NA
RM_199	45309	7272	4	223	440	203495	45158	130	21
RM_200	7695	1100	5	283	453	107666	7680	15	NA
RM_201	4285	1268	4	283	450	58027	4275	10	NA
RM_202	270	6	3	204	343	1515	265	5	NA
RM_203	18188	2943	5	272	461	154990	18164	24	NA
RM_205	6785	1142	3	283	403	129706	6777	8	NA
RM_206	10352	1550	3	270	403	73851	10331	21	NA
RM_207	16887	1314	4	270	407	43313	16832	55	NA
RM_208	39029	4394	4	270	432	77624	38923	80	26
RM_209	35343	4491	4	208	449	27836	35106	136	101
RM_210	151410	21186	4	270	466	47669	151298	110	2
RM_211	2500	27	4	207	361	3434	2486	14	NA
RM_212	18702	466	3	269	382	24773	18662	40	NA
RM_213	75571	13450	4	269	478	46786	75471	92	8
RM_C03	29	0	3	271	349	509	21	8	NA
Rt11	1584	28	2	221	400	2698	1554	14	16
Rt13	3830	34	3	274	390.5	3436	3826	4	NA
Rt5	9150	1015	4	273	464	8933	9134	16	NA
Rt7	7217	987	4	276	456	9772	7209	8	NA
Ua029	67355	7086	4	273	467	49297	67302	50	3
Ua036	43297	7820	3	273	461	187381	43240	57	NA
Ua061	26439	6501	4	270	552	55385	26395	20	24
Ua077	93774	24584	4	271	562	192181	93638	136	NA
Ua079	42394	7013	4	276	478	135264	42352	42	NA
Ua089	62812	12085	3	273	503	123852	62743	67	2
Ua100	28605	9621	4	271	661	126471	28545	38	22
Ua104	80635	13894	4	269	481	93273	80546	89	NA
Ua106	59334	11973	4	279	499	77805	59269	60	5
Ua117	44758	8971	4	272	497	102495	44705	48	5
WAL001.A	10059	121	3	248	360	6301	10032	27	NA
maybe_DM_017	96769	16006	4	267	479	66098	96655	108	6
